#ID lat lon 1 2 5.5 6 9 11 12 18 24 36 48 54
1 43.072073 -89.406462 0.057 0.052 0.069 0.052 0.052 0.977 0.046 0.057 0.172 1 1 1
2 43.072079 -89.406462 0 0 0.009 0 0 0.967 0 0.009 0.042 1 1 1
3 43.072072 -89.406462 0.001 0.001 0.096 0.004 0.004 0.95 0.004 0.005 0.076 1 1 1
4 43.072072 -89.406462 0.005 0 0.374 0 0 1 0.005 0 0.045 1 1 1
5 43.072072 -89.406462 0 0 0.464 0.005 0 1 0 0 0.047 1 1 1
6 43.072065 -89.406462 0 0 0.566 0.01 0 1 0 0 0.04 1 1 1
7 43.072072 -89.406462 0 0 0.278 0.002 0 1 0 0.004 0.043 1 1 1
8 43.072065 -89.406462 0 0 0.385 0.001 0.007 1 0.001 0.003 0.036 0.997 1 1
9 43.072071 -89.406462 0 0 0.467 0 0 1 0 0 0.027 1 1 1
10 43.072065 -89.406462 0 0 0.428 0.002 0 0.998 0 0.002 0.036 1 1 1
11 43.072065 -89.406462 0 0 0.363 0.007 0 0.852 0.007 0.007 0.104 1 1 1
12 43.072065 -89.406462 0.01 0 0.201 0.005 0 0.523 0 0.005 0.201 0.995 1 1
13 43.072071 -89.406462 0 0 0 0 0 0.227 0.013 0 0.08 0.76 1 1
14 43.072077 -89.406462 0.007 0 0.54 0.007 0.015 0.869 0.007 0.015 0.058 0.847 1 1
15 43.072096 -89.406461 0 0.01 0.717 0.005 0.025 0.96 0.04 0.338 0.561 1 1 1
16 43.072109 -89.406461 0.027 0 0.107 0.013 0.013 0.88 0.027 0.267 0.6 1 1 1
17 43.072128 -89.406461 0.022 0.029 0.699 0 0.029 1 0 0.618 0.956 1 1 1
18 43.072154 -89.406461 0.146 0.352 0.94 0.055 0.181 1 0.131 0.879 1 1 1 1
19 43.072179 -89.406436 0 0 0.474 0.013 0.132 0.974 0.039 0.474 0.816 1 1 1
20 43.072198 -89.406399 0.022 0.029 0.248 0.007 0.029 0.847 0.022 0.131 0.423 1 1 1
21 43.072211 -89.406362 0 0 0.157 0.01 0.015 0.817 0.025 0.066 0.33 0.975 1 1
22 43.072210 -89.406313 0 0 0.227 0.04 0.013 0.8 0.04 0.08 0.387 0.987 1 1
23 43.072210 -89.406264 0.007 0.007 0.051 0.007 0.007 0.672 0.015 0.015 0.044 0.825 1 1
24 43.072210 -89.406215 0.005 0 0.05 0 0.005 0.442 0 0 0.025 0.714 1 1
25 43.072210 -89.406178 0 0 0.093 0 0.013 0.613 0 0.013 0.12 1 1 1
26 43.072203 -89.406141 0 0 0.147 0.007 0.022 0.919 0.022 0.037 0.228 0.993 1 1
27 43.072203 -89.406117 0.035 0.025 0.343 0.035 0.03 0.98 0.015 0.152 0.641 1 1 1
28 43.072210 -89.406105 0 0.013 0.132 0.013 0.026 0.895 0.026 0.276 0.474 1 1 1
29 43.072210 -89.406080 0 0.015 0.147 0 0.015 0.985 0 0.11 0.449 1 1 1
30 43.072210 -89.406068 0 0 0.09 0 0.01 1 0.005 0.05 0.221 1 1 1
31 43.072210 -89.406068 0 0 0.149 0 0.014 1 0 0.014 0.027 1 1 1
32 43.072209 -89.406055 0 0 0.088 0.007 0 0.963 0 0.007 0.088 1 1 1
33 43.072209 -89.406055 0 0 0.015 0 0.005 0.965 0.01 0.01 0.04 0.995 1 1
34 43.072209 -89.406055 0.004 0.008 0.235 0.002 0.002 0.996 0.008 0.064 0.159 1 1 1
35 43.072209 -89.406055 0 0 0.471 0.015 0.007 1 0.015 0.132 0.426 1 1 1
36 43.072209 -89.406055 0.009 0.02 0.458 0.018 0.012 0.988 0.025 0.13 0.314 0.987 1 1
37 43.072209 -89.406055 0 0.007 0.089 0.007 0.007 0.852 0 0 0.067 0.926 1 1
38 43.072209 -89.406031 0.02 0.005 0.096 0.01 0.015 0.746 0.01 0.157 0.406 1 1 1
39 43.072209 -89.405994 0.013 0.039 0.237 0 0.039 0.632 0 0.329 0.737 0.987 1 1
40 43.072203 -89.405933 0.022 0.074 0.2 0.015 0.067 0.6 0.081 0.356 0.778 0.985 1 1
41 43.072202 -89.405871 0.005 0.005 0.065 0.01 0.035 0.185 0.01 0.105 0.24 0.68 0.975 1
42 43.072209 -89.405798 0.04 0.093 0.253 0.013 0 0.76 0 0.173 0.493 0.907 1 1
43 43.072208 -89.405712 0.007 0.007 0.206 0.007 0.015 0.39 0.029 0.169 0.397 0.706 0.978 1
44 43.072202 -89.405626 0 0 0 0.005 0 0.015 0 0 0.005 0.085 0.869 0.995
45 43.072201 -89.405528 0 0 0 0 0 0 0 0 0 0.066 0.908 1
46 43.072200 -89.405417 0.015 0 0 0 0.007 0.067 0 0 0.007 0.133 0.926 1
47 43.072194 -89.405307 0.005 0.01 0.05 0 0 0.241 0.005 0.005 0.085 0.568 0.985 1
48 43.072193 -89.405184 0.027 0.027 0.093 0 0.013 0.427 0.027 0.027 0.12 0.76 1 1
49 43.072192 -89.405074 0.051 0.139 0.263 0.007 0.036 0.737 0.029 0.175 0.38 0.92 1 1
50 43.072191 -89.404951 0.096 0.222 0.449 0.01 0.025 0.909 0.02 0.283 0.48 0.965 1 1
51 43.072191 -89.404828 0.041 0.054 0.176 0 0.027 0.784 0.041 0.108 0.257 0.959 1 1
52 43.072190 -89.404705 0.015 0.029 0.197 0.015 0.007 0.774 0 0.051 0.131 0.869 1 1
53 43.072183 -89.404582 0.22 0.3 0.645 0.015 0.025 0.98 0.02 0.24 0.505 0.98 1 1
54 43.072188 -89.404460 0.093 0.28 0.453 0.067 0.067 0.867 0.053 0.267 0.653 0.96 1 1
55 43.072181 -89.404325 0.096 0.176 0.471 0.007 0.015 0.919 0.029 0.272 0.485 0.971 1 1
56 43.072180 -89.404189 0.127 0.228 0.503 0.005 0.051 0.868 0.036 0.284 0.487 0.98 1 1
57 43.072179 -89.404054 0.027 0.093 0.32 0 0.013 0.893 0.013 0.187 0.387 0.96 1 1
58 43.072172 -89.403919 0.131 0.226 0.562 0.015 0.139 0.942 0.08 0.453 0.672 0.985 1 1
59 43.072171 -89.403784 0.131 0.258 0.626 0.005 0.141 0.944 0.076 0.505 0.742 0.985 1 1
60 43.072170 -89.403649 0.355 0.855 0.974 0.066 0.566 0.987 0.645 0.868 0.947 1 1 1
61 43.072169 -89.403502 0.074 0.353 0.787 0 0.176 0.993 0.147 0.684 0.868 0.993 1 1
62 43.072162 -89.403354 0.187 0.52 0.768 0.03 0.343 0.965 0.323 0.742 0.894 0.98 1 1
63 43.072161 -89.403207 0.171 0.513 0.829 0.013 0.25 0.987 0.289 0.697 0.868 0.987 1 1
64 43.072154 -89.403060 0.08 0.453 0.839 0.036 0.19 0.956 0.299 0.686 0.847 0.985 1 1
65 43.072153 -89.402900 0.305 0.66 0.964 0.107 0.381 1 0.467 0.832 0.919 1 1 1
66 43.072146 -89.402753 0.526 0.776 0.987 0.013 0.303 1 0.276 0.776 0.908 1 1 1
67 43.072145 -89.402593 0.301 0.515 0.919 0.037 0.265 0.993 0.184 0.794 0.919 1 1 1
68 43.072144 -89.402446 0.186 0.291 0.729 0.015 0.181 0.935 0.151 0.558 0.769 0.99 1 1
69 43.072143 -89.402286 0.095 0.203 0.351 0.014 0.054 0.73 0.068 0.23 0.5 0.878 0.986 1
70 43.072143 -89.402139 0.022 0.058 0.168 0.007 0.044 0.518 0.015 0.182 0.263 0.796 1 1
71 43.072142 -89.401979 0.045 0.177 0.379 0.01 0.101 0.778 0.061 0.364 0.495 0.965 1 1
72 43.072141 -89.401832 0.247 0.753 0.844 0.13 0.468 0.961 0.571 0.87 0.909 1 1 1
73 43.072140 -89.401685 0.163 0.378 0.726 0.119 0.385 0.911 0.393 0.785 0.911 1 1 1
74 43.072140 -89.401550 0.121 0.333 0.697 0.03 0.222 0.909 0.222 0.657 0.879 1 1 1
75 43.072133 -89.401415 0.039 0.312 0.662 0.026 0.195 0.896 0.208 0.545 0.74 0.987 1 1
76 43.072132 -89.401280 0.176 0.471 0.787 0.11 0.272 0.993 0.426 0.743 0.912 1 1 1
77 43.072125 -89.401157 0.123 0.492 0.764 0.128 0.385 0.964 0.421 0.636 0.851 0.99 1 1
78 43.072124 -89.401022 0.244 0.769 0.859 0.218 0.526 0.936 0.615 0.923 0.974 1 1 1
79 43.072123 -89.400899 0.015 0.279 0.757 0.022 0.096 0.934 0.169 0.779 0.882 1 1 1
80 43.072116 -89.400764 0.136 0.485 0.722 0.111 0.313 0.909 0.354 0.692 0.843 0.99 1 1
81 43.072122 -89.400629 0.189 0.73 0.905 0.257 0.541 0.946 0.527 0.824 0.932 1 1 1
82 43.072121 -89.400494 0.321 0.903 0.993 0.455 0.836 0.993 0.836 0.955 0.993 1 1 1
83 43.072114 -89.400359 0.114 0.761 0.915 0.264 0.493 0.965 0.662 0.826 0.925 1 1 1
84 43.072113 -89.400224 0.403 0.987 0.948 0.649 0.831 0.974 0.779 0.961 1 1 1 1
85 43.072112 -89.400089 0.604 0.985 1 0.746 0.918 1 0.933 0.993 1 1 1 1
86 43.072111 -89.399954 0.628 0.975 0.97 0.573 0.889 0.99 0.899 0.98 0.99 1 1 1
87 43.072104 -89.399831 0.324 0.865 0.919 0.243 0.622 0.986 0.608 0.905 0.959 1 1 1
88 43.072103 -89.399708 0.285 0.818 0.964 0.328 0.628 1 0.723 0.942 0.978 1 1 1
89 43.072102 -89.399573 0.338 0.889 0.939 0.364 0.672 1 0.732 0.889 0.939 1 1 1
90 43.072101 -89.399450 0.753 0.986 1 0.507 0.863 1 0.822 0.986 0.986 1 1 1
91 43.072101 -89.399327 0.551 0.935 0.978 0.464 0.746 1 0.754 0.942 0.971 1 1 1
92 43.072100 -89.399204 0.162 0.558 0.838 0.041 0.299 0.97 0.371 0.832 0.863 1 1 1
93 43.072093 -89.399082 0.04 0.573 0.88 0 0.28 0.947 0.333 0.813 0.867 1 1 1
94 43.072092 -89.398959 0.044 0.285 0.708 0.029 0.19 0.964 0.285 0.708 0.876 1 1 1
95 43.072092 -89.398848 0.172 0.687 0.879 0.162 0.439 0.975 0.571 0.859 0.919 1 1 1
96 43.072091 -89.398738 0.184 0.75 0.882 0.237 0.526 0.961 0.618 0.882 0.921 1 1 1
97 43.072084 -89.398627 0.434 0.904 0.949 0.456 0.831 0.993 0.809 0.949 0.978 1 1 1
98 43.072083 -89.398517 0.383 0.922 0.953 0.466 0.736 0.99 0.819 0.927 0.948 1 1 1
99 43.072083 -89.398394 0.21 0.716 0.963 0.284 0.568 0.988 0.84 0.852 0.84 1 1 1
100 43.072076 -89.398284 0.441 0.956 0.978 0.625 0.919 0.993 0.963 0.978 0.985 1 1 1
101 43.072069 -89.398173 0.221 0.955 0.985 0.487 0.784 0.995 0.854 0.95 0.965 1 1 1
102 43.072075 -89.398063 0.413 0.973 1 0.653 0.733 1 0.867 0.973 0.987 1 1 1
103 43.072075 -89.397952 0.443 0.989 1 0.807 0.977 1 1 1 1 1 1 1
104 43.072068 -89.397854 0.935 1 0.995 0.944 0.977 1 0.986 1 1 1 1 1
105 43.072067 -89.397768 0.97 1 1 0.909 0.97 1 1 1 1 1 1 1
106 43.072067 -89.397670 1 1 1 0 1 1 1 1 1 1 1 1
107 43.072066 -89.397560 0.861 0.992 0.996 0.992 1 1 1 1 1 1 1 1
108 43.072065 -89.397461 0.797 1 1 1 1 1 1 1 1 1 1 1
109 43.072065 -89.397363 0.803 0.985 1 1 1 1 1 1 1 1 1 1
110 43.072064 -89.397253 0.959 1 1 1 1 1 1 1 1 1 1 1
111 43.072064 -89.397142 0.896 1 1 1 1 1 1 1 1 1 1 1
112 43.072057 -89.397032 0.856 1 0.99 1 1 1 1 1 1 1 1 1
113 43.072056 -89.396897 0.949 1 1 1 1 1 1 1 1 1 1 1
114 43.072055 -89.396664 0.959 1 0.995 1 1 1 1 1 1 1 1 1
115 43.072053 -89.396209 0.992 1 1 1 1 1 1 1 1 1 1 1
116 43.072052 -89.396123 0 1 1 1 1 1 1 1 1 1 1 1
117 43.072052 -89.396037 0.397 1 1 1 1 1 1 1 1 1 1 1
118 43.072052 -89.395976 0.933 1 1 1 1 1 1 1 1 1 1 1
119 43.073264 -89.403025 0 1 1 1 1 1 1 1 1 1 1 1
120 43.073259 -89.403197 0.778 1 1 1 1 1 1 1 1 1 1 1
121 43.073266 -89.403369 0.86 1 0.991 1 1 1 1 1 1 1 1 1
122 43.073267 -89.403541 0.493 0.925 0.985 1 1 1 1 1 1 1 1 1
123 43.073275 -89.403713 0.846 1 1 1 1 1 1 1 1 1 1 1
124 43.073276 -89.403897 0.917 1 1 1 1 1 1 1 1 1 1 1
125 43.073277 -89.404069 0.87 1 0.991 1 1 1 1 1 1 1 1 1
126 43.073277 -89.404241 0.895 1 1 1 1 1 1 1 1 1 1 1
127 43.073285 -89.404413 0.885 1 1 1 1 1 1 1 1 1 1 1
128 43.073286 -89.404584 0.926 1 0.988 1 1 1 1 1 1 1 1 1
129 43.073287 -89.404756 0.927 1 1 1 1 1 1 1 1 1 1 1
130 43.073288 -89.404928 0.913 0.994 1 1 1 1 1 1 1 1 1 1
131 43.073288 -89.405100 0.883 1 1 1 1 1 1 1 1 1 1 1
132 43.073289 -89.405260 0.643 0.929 0.994 1 1 1 1 1 1 1 1 1
133 43.073290 -89.405432 0.107 0.48 0.689 1 0.974 0.918 0.995 1 0.99 1 1 1
134 43.073291 -89.405603 0.154 0.244 0.513 0.949 0.962 0.808 0.949 0.936 0.936 1 1 1
135 43.073298 -89.405775 0.282 0.756 0.939 1 0.992 1 1 1 1 1 1 1
136 43.073292 -89.405935 0.555 0.994 0.982 1 1 1 1 1 1 1 1 1
137 43.073293 -89.406107 0.968 1 1 1 1 1 1 1 1 1 1 1
138 43.073294 -89.406266 0.908 0.992 1 1 1 1 1 1 1 1 1 1
139 43.073301 -89.406426 0.683 0.968 0.995 1 1 1 1 1 1 1 1 1
140 43.073302 -89.406598 0.737 0.947 1 1 1 1 1 1 1 1 1 1
141 43.073303 -89.406757 0.903 1 1 1 1 1 1 1 1 1 1 1
142 43.073304 -89.406917 0.152 0.411 0.569 0.827 0.797 0.863 0.827 0.832 0.909 0.985 1 1
143 43.073304 -89.407076 0 0.066 0.158 0.513 0.474 0.592 0.553 0.5 0.487 0.921 1 1
144 43.073305 -89.407236 0.146 0.299 0.555 0.964 0.978 0.927 0.942 0.956 0.993 1 1 1
145 43.073306 -89.407396 0.649 0.928 0.907 1 1 1 1 1 1 1 1 1
146 43.073308 -89.407850 0.993 1 1 1 1 1 1 1 1 1 1 1
147 43.073309 -89.408009 0 1 1 1 1 1 1 1 1 1 1 1
148 43.073304 -89.408157 0 1 1 1 1 1 1 1 1 1 1 1
149 43.073311 -89.408317 0.371 0.624 0.901 1 0.995 0.975 1 1 1 1 1 1
150 43.073312 -89.408464 0.013 0.211 0.316 0.855 0.842 0.776 0.934 0.868 0.829 1 1 1
151 43.073313 -89.408611 0.252 0.511 0.733 0.97 0.956 0.985 0.985 0.993 1 1 1 1
152 43.073314 -89.408759 0.237 0.47 0.753 0.995 0.929 0.985 0.98 0.975 0.995 1 1 1
153 43.073321 -89.408906 0.2 0.477 0.815 0.985 0.969 0.954 0.985 0.969 1 1 1 1
154 43.073322 -89.409053 0.511 0.855 0.985 1 0.992 1 0.992 1 1 1 1 1
155 43.073322 -89.409201 0.834 0.95 1 0.533 0.643 1 0.628 0.955 0.99 1 1 1
156 43.073323 -89.409360 0.649 0.892 0.959 0.041 0.284 1 0.324 0.919 1 1 1 1
157 43.073331 -89.409520 0.759 0.861 1 0.088 0.226 1 0.299 0.927 0.993 1 1 1
158 43.073331 -89.409679 0.237 0.389 0.783 0.03 0.081 0.975 0.081 0.54 0.758 0.985 1 1
159 43.073339 -89.409839 0.158 0.421 0.671 0.079 0.053 0.987 0.118 0.382 0.592 0.987 1 1
160 43.073352 -89.409998 0.059 0.169 0.301 0.015 0.022 0.75 0.029 0.228 0.419 0.868 1 1
161 43.073360 -89.410146 0.03 0.09 0.246 0.01 0.025 0.704 0.01 0.166 0.342 0.889 1 1
162 43.073373 -89.410305 0 0.013 0.04 0 0 0.227 0 0 0.013 0.573 0.987 1
163 43.073380 -89.410465 0 0 0 0 0 0.095 0.007 0.007 0.007 0.321 0.978 1
164 43.073388 -89.410624 0 0 0.005 0 0 0.015 0 0.005 0.005 0.227 0.955 1
165 43.073401 -89.410784 0 0 0 0 0 0.054 0.014 0 0.014 0.27 0.919 0.986
166 43.073402 -89.410931 0 0 0.015 0 0.007 0.146 0.007 0.029 0.073 0.277 0.876 1
167 43.073415 -89.411078 0.01 0 0.005 0.005 0 0.015 0 0 0.005 0.061 0.808 0.98
168 43.073416 -89.411226 0 0 0 0 0 0 0 0 0 0.039 0.724 0.961
169 43.073417 -89.411361 0 0 0 0.007 0 0.037 0 0 0.007 0.25 0.934 0.993
170 43.073430 -89.411496 0.005 0 0 0 0.005 0.035 0 0.01 0.02 0.172 0.838 0.97
171 43.073431 -89.411631 0.039 0.092 0.342 0.026 0.013 0.803 0.026 0.368 0.684 1 1 1
172 43.073432 -89.411753 0.126 0.289 0.481 0.015 0.074 0.859 0.059 0.422 0.807 1 1 1
173 43.073445 -89.411876 0.146 0.333 0.586 0.025 0.136 0.949 0.076 0.535 0.813 1 1 1
174 43.073446 -89.411987 0.237 0.592 0.855 0.026 0.171 1 0.197 0.803 0.908 1 1 1
175 43.073459 -89.412109 0.353 0.772 0.985 0.066 0.368 1 0.382 0.941 1 1 1 1
176 43.073472 -89.412220 0.49 0.833 0.939 0.04 0.374 0.99 0.394 0.813 0.975 1 1 1
177 43.073492 -89.412318 0.667 0.893 1 0.053 0.4 1 0.36 0.933 0.973 1 1 1
178 43.073511 -89.412416 0.377 0.746 0.906 0.014 0.196 0.993 0.268 0.768 0.978 1 1 1
179 43.073531 -89.412501 0.613 0.879 0.955 0.101 0.482 1 0.528 0.925 0.955 1 1 1
180 43.073544 -89.412587 0.27 0.541 0.865 0.095 0.23 0.986 0.27 0.851 0.973 1 1 1
181 43.073557 -89.412636 0.228 0.669 0.912 0.029 0.316 1 0.265 0.912 0.971 1 1 1
182 43.073570 -89.412685 0.035 0.136 0.769 0.02 0.065 0.935 0.126 0.744 0.935 1 1 1
183 43.073577 -89.412710 0.013 0 0.36 0.013 0 0.893 0.04 0.573 0.88 1 1 1
184 43.073577 -89.412722 0.015 0.051 0.839 0 0.036 0.993 0.109 0.745 1 1 1 1
185 43.073577 -89.412722 0.005 0.024 0.461 0.005 0.007 0.902 0.034 0.539 0.895 1 1 1
186 43.073571 -89.412722 0 0 0.322 0.015 0.005 0.935 0.025 0.653 0.925 1 1 1
187 43.073571 -89.412734 0 0 0.427 0 0.013 0.947 0.027 0.72 0.907 1 1 1
188 43.073577 -89.412734 0 0.005 0.366 0.01 0.002 0.946 0.063 0.707 0.944 1 1 1
189 43.073571 -89.412735 0 0 0.421 0.005 0.005 0.944 0.041 0.72 0.944 1 1 1
190 43.073578 -89.412735 0.003 0.006 0.464 0.006 0.009 0.961 0.093 0.769 0.949 1 1 1
191 43.073572 -89.412735 0 0.005 0.449 0.005 0.005 0.939 0.08 0.7 0.927 1 1 1
192 43.073578 -89.412735 0 0 0.347 0 0.013 0.987 0.053 0.587 0.893 1 1 1
193 43.073572 -89.412735 0.005 0.002 0.332 0.005 0.015 0.944 0.059 0.598 0.937 1 1 1
194 43.073579 -89.412735 0 0 0.358 0.015 0 0.912 0.051 0.606 0.92 1 1 1
195 43.073573 -89.412747 0.001 0.001 0.303 0.001 0.003 0.899 0.037 0.635 0.924 1 1 1
196 43.073573 -89.412735 0.009 0.006 0.344 0.003 0.015 0.946 0.036 0.599 0.91 1 1 1
197 43.073567 -89.412735 0 0.013 0.224 0.013 0 0.961 0.013 0.632 0.921 1 1 1
198 43.073573 -89.412735 0.005 0.01 0.341 0.005 0.01 0.944 0.044 0.632 0.939 1 1 1
199 43.073567 -89.412735 0 0 0.436 0.003 0.015 0.961 0.107 0.675 0.973 1 1 1
200 43.073574 -89.412735 0.005 0 0.431 0 0.033 0.957 0.076 0.716 0.962 1 1 1
201 43.073568 -89.412735 0.005 0.034 0.383 0.005 0.007 0.934 0.085 0.412 0.898 1 1 1
202 43.073574 -89.412735 0.022 0.022 0.292 0 0.004 0.953 0.011 0.332 0.883 1 1 1
203 43.073568 -89.412736 0.024 0.081 0.699 0.027 0.033 0.994 0.033 0.469 0.815 1 1 1
204 43.073568 -89.412736 0.013 0.133 0.48 0.027 0.027 0.973 0.013 0.267 0.72 1 1 1
205 43.073575 -89.412748 0.044 0.154 0.463 0 0.029 0.963 0.051 0.287 0.654 1 1 1
206 43.073575 -89.412785 0.01 0.02 0.422 0.03 0.02 0.94 0.02 0.231 0.628 0.995 1 1
207 43.073582 -89.412846 0.253 0.52 0.987 0.013 0.147 1 0.147 0.813 1 1 1 1
208 43.073582 -89.412908 0.544 0.676 0.985 0.015 0.221 1 0.103 0.853 0.985 1 1 1
209 43.073576 -89.412981 0.126 0.217 0.409 0.051 0.045 0.869 0.051 0.212 0.601 0.99 1 1
210 43.073564 -89.413067 0 0 0 0 0 0.026 0 0.013 0.013 0.237 0.934 1
211 43.073533 -89.413154 0 0.007 0.199 0.007 0.037 0.64 0.074 0.419 0.64 0.985 1 1
212 43.073508 -89.413240 0.192 0.49 0.576 0 0.182 0.742 0.126 0.561 0.722 0.995 1 1
213 43.073483 -89.413338 0 0.053 0.184 0.013 0.013 0.513 0.053 0.184 0.434 0.974 1 1
214 43.073471 -89.413437 0 0 0.081 0 0 0.404 0 0.088 0.331 0.956 1 1
215 43.073465 -89.413535 0.141 0.226 0.367 0.01 0.161 0.668 0.131 0.387 0.573 0.925 1 1
216 43.073466 -89.413646 0.56 0.853 0.973 0.107 0.6 0.973 0.52 0.96 0.987 1 1 1
217 43.073460 -89.413768 0.25 0.5 0.846 0.029 0.368 0.985 0.36 0.831 0.941 1 1 1
218 43.073461 -89.413879 0.387 0.744 0.95 0.166 0.709 0.985 0.693 0.98 1 1 1 1
219 43.073455 -89.414002 0.323 0.815 0.938 0.215 0.723 1 0.646 0.954 1 1 1 1
220 43.073456 -89.414125 0.603 0.925 0.979 0.541 0.87 1 0.918 1 1 1 1 1
221 43.073444 -89.414260 0.312 0.859 0.965 0.372 0.688 0.99 0.829 0.955 1 1 1 1
222 43.073445 -89.414395 0.419 0.946 0.932 0.405 0.662 0.959 0.838 0.932 1 1 1 1
223 43.073439 -89.414530 0.447 0.985 1 0.629 0.932 1 0.977 0.985 1 1 1 1
224 43.073440 -89.414653 0.869 1 1 0.91 0.965 1 0.99 1 1 1 1 1
225 43.073441 -89.414788 0.969 1 1 0.937 1 1 1 1 1 1 1 1
226 43.073435 -89.414911 0.937 1 1 0.937 1 1 1 1 1 1 1 1
227 43.073443 -89.415034 1 1 1 0 1 1 1 1 1 1 1 1
228 43.073397 -89.415990 0 1 1 1 1 1 1 1 1 1 1 1
229 43.073389 -89.415707 0.995 1 1 1 0.997 1 1 1 1 1 1 1
230 43.073388 -89.415560 0.968 1 1 0.957 0.989 1 0.995 1 1 1 1 1
231 43.073393 -89.415413 0.904 1 1 0.988 0.988 1 1 1 1 1 1 1
232 43.073393 -89.415265 0.981 1 1 1 1 1 0.99 1 1 1 1 1
233 43.073385 -89.415118 0.351 0.962 0.976 0.99 1 1 1 1 1 1 1 1
234 43.073385 -89.414983 0.487 0.949 0.962 1 1 1 1 1 1 1 1 1
235 43.073390 -89.414836 0.256 0.594 0.827 1 1 0.985 1 1 1 1 1 1
236 43.073383 -89.414688 0.05 0.357 0.628 0.99 0.99 0.94 0.995 0.975 0.99 1 1 1
237 43.073382 -89.414529 0.027 0.2 0.453 0.96 0.96 0.84 0.987 0.96 0.96 1 1 1
238 43.073375 -89.414381 0.221 0.412 0.507 0.963 0.956 0.794 0.978 0.971 0.963 1 1 1
239 43.073367 -89.414234 0.26 0.571 0.704 0.974 0.98 0.878 0.974 0.985 0.974 1 1 1
240 43.073366 -89.414074 0.434 0.895 0.934 1 1 1 1 1 1 1 1 1
241 43.073359 -89.413927 0.473 0.884 0.961 1 1 1 1 1 1 1 1 1
242 43.073358 -89.413780 0.223 0.406 0.683 0.97 0.96 0.931 0.975 0.96 0.99 1 1 1
243 43.073351 -89.413645 0.247 0.571 0.909 0.987 0.987 1 0.987 1 1 1 1 1
244 43.073350 -89.413509 0.291 0.463 0.866 0.978 0.993 0.978 0.985 0.993 0.985 1 1 1
245 43.073355 -89.413387 0.553 0.663 0.916 0.989 0.995 0.984 0.984 0.995 1 1 1 1
246 43.073348 -89.413276 0.579 0.75 0.921 1 0.987 1 0.987 1 1 1 1 1
247 43.073348 -89.413178 0.644 0.726 0.97 1 1 1 1 1 1 1 1 1
248 43.073347 -89.413092 0.673 0.901 0.97 0.99 0.99 1 1 1 1 1 1 1
249 43.073340 -89.413018 0.588 0.75 0.985 1 1 1 1 1 1 1 1 1
250 43.073340 -89.412969 0.517 0.898 0.959 1 1 1 1 1 1 1 1 1
251 43.073340 -89.412932 0.553 0.894 0.995 0.799 0.98 1 0.97 1 1 1 1 1
252 43.073340 -89.412920 0.919 0.959 1 0.095 0.932 1 0.73 1 1 1 1 1
253 43.073340 -89.412920 0.897 0.89 0.993 0.074 0.897 1 0.713 1 1 1 1 1
254 43.073340 -89.412908 0.934 0.934 1 0.066 0.869 1 0.657 1 1 1 1 1
255 43.073340 -89.412908 0.905 0.913 0.998 0.05 0.886 1 0.708 1 1 1 1 1
256 43.073340 -89.412895 0.852 0.903 0.998 0.04 0.811 1 0.581 0.999 1 1 1 1
257 43.073333 -89.412895 0.65 0.786 0.996 0.039 0.858 1 0.623 1 1 1 1 1
258 43.073333 -89.412895 0.739 0.807 0.99 0.024 0.912 1 0.624 1 1 1 1 1
259 43.073333 -89.412895 0.829 0.855 1 0.026 0.776 1 0.605 1 1 1 1 1
260 43.073333 -89.412895 0.628 0.746 0.99 0.052 0.857 1 0.649 1 1 1 1 1
261 43.073327 -89.412895 0.765 0.858 0.996 0.07 0.809 1 0.714 1 1 1 1 1
262 43.073327 -89.412895 0.607 0.763 0.963 0.037 0.6 1 0.548 0.963 1 1 1 1
263 43.073327 -89.412883 0.697 0.783 0.955 0.02 0.444 1 0.404 0.884 1 1 1 1
264 43.073326 -89.412846 0.487 0.487 0.842 0.026 0.197 0.987 0.171 0.763 0.961 1 1 1
265 43.073326 -89.412785 0.676 0.824 0.993 0 0.279 1 0.199 0.89 0.971 1 1 1
266 43.073326 -89.412724 0.603 0.764 0.955 0.025 0.141 1 0.101 0.628 0.854 1 1 1
267 43.073325 -89.412650 0.027 0.093 0.36 0 0.053 0.96 0.027 0.2 0.693 1 1 1
268 43.073318 -89.412564 0.066 0.096 0.301 0.015 0.015 0.875 0 0.176 0.588 0.985 1 1
269 43.073318 -89.412478 0.487 0.643 0.96 0.01 0.085 0.995 0.06 0.714 0.97 1 1 1
270 43.073311 -89.412380 0.733 0.8 1 0.013 0.227 1 0.2 0.92 1 1 1 1
271 43.073304 -89.412282 0.235 0.463 0.89 0.029 0.162 1 0.14 0.779 0.934 1 1 1
272 43.073304 -89.412196 0.515 0.889 0.98 0.025 0.323 1 0.263 0.864 0.97 1 1 1
273 43.073303 -89.412110 0.267 0.747 0.947 0.04 0.293 1 0.2 0.813 0.947 1 1 1
274 43.073296 -89.412012 0.319 0.732 0.899 0.014 0.196 1 0.152 0.761 0.906 1 1 1
275 43.073290 -89.411926 0.208 0.528 0.792 0.01 0.107 0.99 0.086 0.721 0.934 1 1 1
276 43.073289 -89.411840 0.039 0.079 0.553 0 0.053 0.987 0 0.342 0.737 1 1 1
277 43.073289 -89.411766 0.301 0.522 0.684 0.015 0.235 0.993 0.206 0.787 0.949 1 1 1
278 43.073282 -89.411693 0.131 0.322 0.447 0.005 0.035 0.859 0.05 0.427 0.633 0.995 1 1
279 43.073281 -89.411619 0.135 0.459 0.608 0.014 0.068 0.905 0.135 0.473 0.851 1 1 1
280 43.073281 -89.411545 0.065 0.21 0.377 0.007 0.029 0.804 0.036 0.326 0.71 0.986 1 1
281 43.073268 -89.411484 0.223 0.33 0.614 0.02 0.066 0.98 0.056 0.518 0.817 1 1 1
282 43.073268 -89.411423 0 0.092 0.316 0 0.039 0.776 0.013 0.237 0.605 1 1 1
283 43.073268 -89.411386 0.174 0.283 0.457 0.014 0.087 0.92 0.022 0.522 0.696 1 1 1
284 43.073267 -89.411349 0.127 0.244 0.574 0.015 0.132 0.964 0.071 0.518 0.787 1 1 1
285 43.073267 -89.411312 0.053 0.253 0.32 0 0 0.813 0 0.227 0.48 1 1 1
286 43.073267 -89.411300 0.007 0.226 0.438 0.022 0.029 0.774 0.007 0.372 0.562 0.934 1 1
287 43.073267 -89.411288 0.005 0.005 0.01 0.005 0 0.444 0.005 0.025 0.253 0.924 1 1
288 43.073267 -89.411275 0 0 0 0 0 0.539 0 0 0.105 0.921 1 1
289 43.073267 -89.411275 0 0.015 0.029 0.007 0 0.522 0 0.051 0.287 0.926 1 1
290 43.073260 -89.411275 0.04 0.086 0.192 0 0 0.571 0 0.071 0.242 0.97 1 1
291 43.073260 -89.411263 0.12 0.2 0.413 0.013 0.013 0.84 0.04 0.253 0.44 0.973 1 1
292 43.073260 -89.411238 0.007 0 0.102 0 0 0.431 0 0.08 0.234 0.803 0.993 1
293 43.073260 -89.411202 0.045 0.051 0.116 0 0.01 0.359 0 0.096 0.172 0.823 1 1
294 43.073254 -89.411140 0.013 0 0.04 0.013 0.013 0.4 0.04 0.067 0.107 0.8 1 1
295 43.073253 -89.411079 0.022 0.073 0.139 0 0.007 0.409 0 0.066 0.161 0.701 0.978 1
296 43.073253 -89.411005 0.035 0.051 0.131 0.02 0.03 0.596 0.03 0.086 0.207 0.914 1 1
297 43.073252 -89.410919 0.187 0.28 0.427 0 0.04 0.933 0.04 0.24 0.493 1 1 1
298 43.073245 -89.410846 0.073 0.175 0.401 0.007 0.022 0.927 0.022 0.285 0.54 0.993 1 1
299 43.073245 -89.410760 0.015 0.025 0.045 0 0 0.352 0 0.01 0.116 0.688 0.995 1
300 43.073232 -89.410662 0.013 0.026 0.079 0 0 0.25 0 0.013 0.013 0.711 1 1
301 43.073225 -89.410551 0.029 0.066 0.125 0 0.015 0.588 0.007 0.051 0.206 0.956 1 1
302 43.073205 -89.410453 0 0 0.025 0 0 0.106 0 0.005 0.01 0.332 0.94 1
303 43.073192 -89.410343 0.013 0 0.013 0 0 0.013 0 0 0.013 0.133 0.96 1
304 43.073166 -89.410233 0 0 0.029 0.007 0.007 0.14 0 0 0.044 0.434 0.971 1
305 43.073133 -89.410122 0 0 0.013 0 0 0.125 0 0 0.053 0.671 1 1
306 43.073101 -89.410012 0.014 0 0.095 0 0 0.432 0 0 0.095 0.703 1 1
307 43.073069 -89.409902 0 0.014 0.022 0 0 0.283 0 0.014 0.036 0.688 1 1
308 43.073030 -89.409792 0 0.016 0.087 0.005 0.011 0.301 0.011 0.093 0.219 0.683 1 1
309 43.072997 -89.409682 0.027 0.08 0.173 0.013 0.013 0.493 0.013 0.213 0.387 0.96 1 1
310 43.072965 -89.409584 0.007 0.044 0.125 0.007 0.007 0.419 0.015 0.088 0.213 0.809 1 1
311 43.072933 -89.409474 0 0.027 0.148 0.016 0.016 0.492 0.011 0.077 0.175 0.656 1 1
312 43.072894 -89.409376 0 0 0 0 0 0.065 0 0 0 0.194 0.71 0.952
313 43.072855 -89.409266 0 0 0.007 0 0.007 0.119 0 0.007 0.03 0.385 0.859 0.97
314 43.072823 -89.409155 0 0.005 0.01 0 0 0.126 0.01 0.01 0.045 0.417 0.95 1
315 43.072784 -89.409045 0 0 0.027 0 0 0.12 0 0 0.013 0.16 0.8 0.987
316 43.072745 -89.408935 0 0 0 0 0 0.009 0 0 0 0.056 0.583 0.926
317 43.072700 -89.408813 0.005 0 0 0.005 0 0.051 0.01 0.005 0.005 0.045 0.52 0.864
318 43.072668 -89.408703 0 0 0 0 0 0 0.013 0 0 0.08 0.307 0.6
319 43.072622 -89.408580 0 0 0 0 0.007 0.036 0 0 0 0.095 0.599 0.934
320 43.072583 -89.408470 0 0 0 0 0.005 0.06 0 0 0.005 0.104 0.617 0.918
321 43.072539 -89.408348 0.013 0 0.013 0 0 0.053 0 0.013 0 0.027 0.52 0.813
322 43.072500 -89.408225 0 0 0 0 0 0.007 0 0.015 0 0.051 0.584 0.927
323 43.072461 -89.408115 0.006 0 0 0 0.006 0.017 0.006 0.006 0 0.104 0.659 0.902
324 43.072422 -89.407993 0 0 0 0 0 0.013 0 0.013 0 0.147 0.853 0.987
325 43.072383 -89.407871 0 0 0 0 0 0.022 0.007 0.007 0 0.103 0.765 0.963
326 43.072338 -89.407748 0.006 0 0 0 0.006 0 0 0 0 0.012 0.229 0.718
327 43.072305 -89.407626 0 0 0.04 0 0 0.32 0 0.013 0.08 0.493 0.933 0.987
328 43.072267 -89.407516 0.037 0.11 0.346 0.015 0.007 0.875 0 0.272 0.478 0.963 1 1
329 43.072228 -89.407393 0 0 0.012 0 0.006 0.041 0.006 0 0.012 0.07 0.157 0.25
330 43.072202 -89.407283 0 0 0 0 0 0 0 0 0 0 0.013 0.079
331 43.072176 -89.407160 0 0.015 0.074 0 0 0.176 0 0.007 0.007 0.213 0.478 0.632
332 43.072156 -89.407050 0.331 0.57 0.773 0.041 0.151 0.89 0.128 0.616 0.779 0.971 1 1
333 43.072143 -89.406940 0.5 0.797 0.973 0.108 0.324 1 0.203 0.932 0.973 1 1 1
334 43.072129 -89.406842 0.613 0.861 1 0.109 0.277 1 0.204 0.905 0.993 1 1 1
335 43.072123 -89.406743 0.343 0.609 0.964 0.036 0.089 1 0.095 0.651 0.953 1 1 1
336 43.072116 -89.406658 0 0.197 0.934 0.066 0.013 1 0.026 0.526 0.908 1 1 1
337 43.072109 -89.406596 0.015 0.015 0.346 0.015 0 0.949 0.015 0.051 0.184 0.978 1 1
338 43.072096 -89.406547 0.011 0.005 0.622 0.005 0.011 0.973 0 0.13 0.438 1 1 1
339 43.072077 -89.406523 0 0 0 0 0 0.869 0 0.016 0.098 0.967 1 1
340 43.072064 -89.406499 0 0 0 0 0 0.051 0.007 0.007 0.058 0.423 0.971 1
341 43.072039 -89.406487 0 0 0.046 0 0 0.102 0 0 0.005 0.041 0.848 0.995
342 43.072013 -89.406475 0 0 0.039 0 0 0.092 0 0 0.013 0.592 1 1
343 43.071994 -89.406475 0 0 0.385 0 0 0.761 0 0 0 0.578 1 1
344 43.071969 -89.406463 0.005 0 0.177 0 0 0.48 0 0 0.025 0.586 1 1
345 43.071950 -89.406475 0 0 0.067 0 0 0.213 0.027 0 0.12 0.573 1 1
346 43.071931 -89.406475 0.015 0.007 0.314 0.022 0.036 0.759 0.036 0.226 0.358 0.869 1 1
347 43.071912 -89.406476 0 0 0 0 0 0.183 0 0 0 0.485 1 1
348 43.071906 -89.406488 0.013 0 0.253 0 0 0.493 0 0 0 0.907 1 1
349 43.071900 -89.406488 0 0 0.346 0.007 0 0.809 0 0.022 0.007 0.985 1 1
350 43.071900 -89.406488 0.007 0.007 0.278 0.007 0 0.49 0.007 0.013 0.033 0.934 1 1
351 43.072127 -89.406426 0.079 0.079 0.911 0.079 0.089 0.99 0.079 0.079 0.119 0.802 1 1
352 43.072140 -89.406438 0.006 0.006 0.451 0 0 0.811 0.006 0.131 0.217 0.789 1 1
353 43.072153 -89.406450 0 0 0.027 0.013 0 0.48 0 0 0.093 0.907 1 1
354 43.072166 -89.406450 0 0 0.213 0 0.007 0.904 0.022 0.088 0.316 1 1 1
355 43.072178 -89.406450 0 0.006 0.909 0 0.006 1 0 0.354 0.846 1 1 1
356 43.072185 -89.406450 0 0 1 0.014 0 1 0 0.014 0.554 1 1 1
357 43.072191 -89.406450 0 0 1 0 0 1 0 0.037 0.515 1 1 1
358 43.072191 -89.406450 0 0.006 1 0.006 0 1 0 0.029 0.678 1 1 1
359 43.072191 -89.406450 0 0 1 0.013 0 1 0 0.039 0.618 1 1 1
360 43.072184 -89.406450 0 0.003 1 0 0.003 1 0 0.068 0.768 1 1 1
361 43.072178 -89.406450 0.014 0.005 1 0.005 0.005 1 0 0.09 0.895 1 1 1
362 43.072171 -89.406450 0.004 0.008 1 0.004 0 1 0 0.104 0.783 1 1 1
363 43.072164 -89.406450 0 0 1 0.007 0.007 1 0.007 0.074 0.64 1 1 1
364 43.072171 -89.406450 0 0.005 1 0.011 0.011 1 0.005 0.28 0.677 1 1 1
365 43.072164 -89.406450 0 0.005 1 0.014 0 1 0.014 0.199 0.583 1 1 1
366 43.072157 -89.406450 0 0 1 0.008 0 1 0 0.15 0.742 1 1 1
367 43.072151 -89.406450 0.01 0 1 0 0.003 1 0 0.188 0.701 1 1 1
368 43.072144 -89.406450 0 0 1 0.005 0 1 0 0.123 0.608 1 1 1
369 43.072138 -89.406462 0 0 1 0 0 1 0 0.112 0.612 1 1 1
370 43.072144 -89.406462 0 0 1 0 0 1 0 0.111 0.726 1 1 1
371 43.072137 -89.406462 0.004 0.004 1 0.012 0.004 1 0.008 0.164 0.748 1 1 1
372 43.072131 -89.406462 0.003 0.003 1 0.008 0.003 1 0.01 0.131 0.582 1 1 1
373 43.072124 -89.406462 0.003 0.003 1 0.005 0.005 1 0.005 0.193 0.628 1 1 1
374 43.072118 -89.406462 0.005 0.005 1 0.01 0.005 1 0.003 0.223 0.754 1 1 1
375 43.072111 -89.406462 0.008 0.005 1 0.016 0.021 1 0.016 0.099 0.615 1 1 1
376 43.072104 -89.406462 0.012 0.008 0.998 0.01 0.014 1 0.008 0.165 0.531 1 1 1
377 43.072098 -89.406474 0.004 0.005 0.997 0.006 0.003 1 0.004 0.108 0.515 1 1 1
378 43.072091 -89.406474 0 0.004 0.889 0 0.015 1 0 0.586 0.87 1 1 1
379 43.072091 -89.406474 0.002 0.002 0.82 0.002 0.002 0.998 0 0.16 0.484 1 1 1
380 43.072104 -89.406474 0 0 0.037 0 0 0.422 0 0 0.096 0.793 1 1
381 43.072104 -89.406474 0 0 0.574 0 0 0.983 0 0 0.045 0.773 1 1
382 43.072117 -89.406474 0 0 0.145 0 0 0.789 0 0 0.026 0.645 1 1
383 43.072123 -89.406474 0 0 0.652 0 0 0.852 0 0.089 0.222 1 1 1
384 43.072130 -89.406474 0.023 0 1 0 0.063 1 0.034 0.531 0.726 1 1 1
385 43.072136 -89.406474 0 0.013 0.613 0 0 1 0.013 0.56 0.933 1 1 1
386 43.072149 -89.406474 0.03 0.022 0.515 0.015 0.03 0.993 0.015 0.485 0.873 1 1 1
387 43.072168 -89.406474 0 0 0.514 0 0.017 0.989 0.006 0.379 0.78 1 1 1
388 43.072181 -89.406474 0.149 0.324 0.919 0.027 0.216 1 0.081 0.824 1 1 1 1
389 43.072200 -89.406449 0.074 0.511 0.852 0.052 0.244 1 0.133 0.963 1 1 1 1
390 43.072213 -89.406424 0 0.017 0.257 0.017 0.017 0.943 0.017 0.177 0.629 1 1 1
391 43.072219 -89.406400 0 0 0.293 0 0 0.813 0.013 0.067 0.387 0.973 1 1
392 43.072219 -89.406363 0 0 0.044 0.007 0.007 0.659 0.007 0.044 0.37 0.963 1 1
393 43.072219 -89.406326 0 0 0.145 0 0 0.645 0 0.005 0.124 0.876 1 1
394 43.072218 -89.406277 0 0 0.2 0 0 0.773 0 0 0.107 0.96 1 1
395 43.072225 -89.406252 0 0 0.029 0 0 0.287 0 0 0 0.551 1 1
396 43.072225 -89.406215 0 0 0.005 0 0 0.149 0 0 0 0.497 1 1
397 43.072225 -89.406191 0 0 0 0 0 0.081 0 0 0.014 0.851 1 1
398 43.072225 -89.406179 0 0 0.007 0 0 0.36 0 0 0.088 0.853 1 1
399 43.072218 -89.406179 0 0 0.011 0 0 0.371 0.005 0 0.016 0.876 1 1
400 43.072218 -89.406166 0 0 0 0 0 0.365 0 0 0 0.743 1 1
401 43.072218 -89.406166 0 0 0 0 0 0.281 0.015 0.007 0 0.8 1 1
402 43.072225 -89.406166 0.004 0 0.004 0.004 0 0.296 0 0.008 0 0.788 1 1
403 43.072219 -89.406167 0 0 0.007 0 0 0.35 0 0 0.022 0.839 1 1
404 43.072219 -89.406167 0.002 0 0.002 0 0.001 0.353 0.002 0.002 0.01 0.838 1 1
405 43.072213 -89.406167 0.007 0.015 0.007 0.007 0 0.761 0 0.015 0.187 0.948 1 1
406 43.072213 -89.406167 0.012 0.012 0.237 0 0 0.902 0 0.029 0.387 1 1 1
407 43.072213 -89.406167 0 0 0.355 0 0 0.934 0 0.118 0.395 1 1 1
408 43.072212 -89.406142 0.007 0.044 0.17 0.007 0 0.859 0.015 0.059 0.237 0.963 1 1
409 43.072212 -89.406105 0 0 0.07 0 0 0.497 0 0.011 0.059 0.784 1 1
410 43.072212 -89.406056 0 0 0.026 0 0 0.571 0 0 0.234 0.987 1 1
411 43.072212 -89.405995 0 0 0.163 0.007 0.037 0.652 0.022 0.311 0.681 0.993 1 1
412 43.072211 -89.405933 0.012 0.017 0.139 0.006 0.029 0.457 0.023 0.208 0.497 0.896 1 1
413 43.072205 -89.405860 0 0 0 0 0 0.162 0 0.041 0.068 0.608 0.973 1
414 43.072211 -89.405786 0.015 0.029 0.184 0 0.029 0.721 0.015 0.199 0.471 0.926 1 1
415 43.072211 -89.405700 0 0 0.017 0 0.006 0.138 0.006 0.029 0.167 0.718 0.994 1
416 43.072204 -89.405614 0 0 0 0 0 0.053 0 0 0.013 0.227 0.96 1
417 43.072204 -89.405516 0.007 0 0 0 0 0.037 0.007 0.007 0.029 0.265 0.941 1
418 43.072203 -89.405430 0.005 0 0 0 0.005 0.065 0 0 0.022 0.281 0.957 1
419 43.072196 -89.405332 0 0 0 0 0 0.187 0 0 0.027 0.507 0.987 1
420 43.072196 -89.405234 0.015 0.007 0.022 0.007 0 0.336 0 0.022 0.08 0.73 1 1
421 43.072195 -89.405148 0 0.006 0.012 0.006 0.006 0.22 0.006 0 0.012 0.549 0.954 0.988
422 43.072195 -89.405050 0 0.013 0 0 0 0.158 0 0 0 0.434 0.961 1
423 43.072194 -89.404952 0.029 0.044 0.147 0 0.007 0.64 0.015 0.051 0.206 0.824 1 1
424 43.072194 -89.404841 0 0.005 0.049 0 0 0.342 0 0.022 0.06 0.69 0.995 1
425 43.072193 -89.404743 0.013 0 0.013 0 0 0.413 0 0 0 0.653 0.987 1
426 43.072186 -89.404632 0.015 0.015 0.118 0 0.007 0.779 0 0.029 0.147 0.882 1 1
427 43.072186 -89.404510 0.04 0.091 0.358 0.023 0.023 0.739 0.023 0.193 0.318 0.835 0.994 1
428 43.072185 -89.404399 0 0 0.013 0 0 0.267 0 0.013 0.04 0.587 0.973 1
429 43.072178 -89.404276 0.015 0.059 0.206 0 0.015 0.721 0.007 0.118 0.265 0.949 1 1
430 43.072177 -89.404141 0.038 0.103 0.297 0.005 0.032 0.778 0.016 0.243 0.427 0.968 1 1
431 43.072176 -89.404019 0 0.176 0.392 0 0.014 0.865 0.027 0.297 0.541 0.919 1 1
432 43.072163 -89.403896 0.109 0.365 0.708 0.015 0.197 0.964 0.168 0.62 0.759 0.993 1 1
433 43.072156 -89.403773 0.175 0.395 0.734 0.011 0.209 0.96 0.186 0.593 0.774 0.994 1 1
434 43.072150 -89.403663 0.293 0.68 0.867 0.04 0.387 0.987 0.373 0.827 0.933 1 1 1
435 43.072149 -89.403552 0.089 0.274 0.607 0.022 0.119 0.941 0.156 0.593 0.778 1 1 1
436 43.072149 -89.403430 0.189 0.417 0.794 0.017 0.246 0.983 0.24 0.714 0.863 1 1 1
437 43.072148 -89.403307 0.041 0.162 0.351 0.014 0.054 0.878 0.054 0.324 0.554 0.986 1 1
438 43.072141 -89.403184 0.022 0.131 0.474 0.007 0.015 0.847 0.051 0.212 0.591 0.993 1 1
439 43.072141 -89.403062 0.097 0.528 0.898 0.085 0.278 0.989 0.364 0.79 0.972 1 1 1
440 43.072134 -89.402939 0.347 0.68 0.96 0.08 0.427 1 0.467 0.867 1 1 1 1
441 43.072133 -89.402816 0.478 0.754 0.978 0.03 0.425 1 0.448 0.91 0.948 1 1 1
442 43.072133 -89.402694 0.46 0.653 0.915 0.011 0.097 0.994 0.153 0.733 0.886 1 1 1
443 43.072139 -89.402571 0.213 0.427 0.787 0 0.107 0.987 0.16 0.627 0.853 1 1 1
444 43.072145 -89.402448 0.301 0.39 0.735 0.037 0.162 0.971 0.213 0.669 0.912 1 1 1
445 43.072145 -89.402325 0.045 0.091 0.25 0.006 0.023 0.665 0.017 0.25 0.432 0.83 0.983 1
446 43.072145 -89.402203 0.039 0.039 0.092 0 0.053 0.303 0.013 0.118 0.184 0.632 0.974 1
447 43.072138 -89.402080 0.015 0.067 0.274 0.022 0.044 0.704 0.044 0.289 0.43 0.948 1 1
448 43.072137 -89.401970 0.029 0.149 0.385 0.017 0.103 0.782 0.126 0.385 0.563 0.948 1 1
449 43.072137 -89.401847 0.092 0.263 0.592 0.026 0.171 0.882 0.171 0.618 0.842 1 1 1
450 43.072130 -89.401724 0.015 0.066 0.228 0 0.044 0.779 0.074 0.257 0.515 0.934 1 1
451 43.072129 -89.401602 0 0.046 0.301 0 0.04 0.838 0.046 0.312 0.653 1 1 1
452 43.072123 -89.401479 0.053 0.12 0.4 0.013 0.093 0.8 0.133 0.413 0.72 0.973 1 1
453 43.072128 -89.401356 0.138 0.442 0.71 0.072 0.312 0.957 0.333 0.667 0.855 1 1 1
454 43.072121 -89.401233 0.357 0.769 0.934 0.39 0.654 0.984 0.742 0.923 0.973 0.989 1 1
455 43.072120 -89.401110 0.291 0.899 0.962 0.266 0.747 1 0.759 0.975 0.987 1 1 1
456 43.072113 -89.400975 0.331 0.919 0.993 0.36 0.706 0.985 0.809 0.956 0.978 1 1 1
457 43.072112 -89.400840 0.052 0.349 0.657 0.076 0.215 0.872 0.291 0.68 0.872 0.988 1 1
458 43.072112 -89.400718 0.16 0.613 0.72 0.307 0.48 0.973 0.533 0.747 0.84 1 1 1
459 43.072105 -89.400583 0.169 0.801 0.956 0.316 0.61 0.993 0.743 0.904 0.978 1 1 1
460 43.072098 -89.400460 0.149 0.703 0.897 0.257 0.503 0.989 0.657 0.897 0.954 1 1 1
461 43.072097 -89.400325 0.133 0.813 0.96 0.28 0.533 1 0.653 0.893 0.96 1 1 1
462 43.072102 -89.400190 0.537 0.985 1 0.632 0.875 1 0.919 1 1 1 1 1
463 43.072102 -89.400055 0.476 0.935 0.951 0.373 0.735 1 0.805 0.951 0.962 1 1 1
464 43.072101 -89.399920 0.253 0.813 0.88 0.16 0.547 1 0.573 0.88 0.92 1 1 1
465 43.072100 -89.399772 0.23 0.681 0.874 0.207 0.533 0.985 0.541 0.807 0.948 1 1 1
466 43.072105 -89.399637 0.462 0.873 0.954 0.37 0.728 0.983 0.74 0.919 0.954 1 1 1
467 43.072098 -89.399502 0.579 0.921 0.961 0.513 0.829 1 0.829 0.961 0.961 1 1 1
468 43.072097 -89.399355 0.363 0.763 0.904 0.111 0.533 0.993 0.526 0.859 0.933 1 1 1
469 43.072090 -89.399220 0.121 0.529 0.833 0.069 0.305 0.977 0.322 0.736 0.891 1 1 1
470 43.072095 -89.399084 0.053 0.276 0.671 0.053 0.197 0.934 0.197 0.671 0.711 1 1 1
471 43.072088 -89.398949 0.156 0.556 0.896 0.185 0.378 0.97 0.496 0.867 0.933 1 1 1
472 43.072087 -89.398826 0.263 0.749 0.926 0.331 0.589 0.994 0.703 0.869 0.989 1 1 1
473 43.072086 -89.398691 0.44 0.947 0.987 0.453 0.72 0.987 0.92 0.987 1 1 1 1
474 43.072085 -89.398569 0.368 0.838 0.963 0.338 0.662 1 0.779 0.919 0.985 1 1 1
475 43.072085 -89.398446 0.401 0.814 0.965 0.413 0.686 0.994 0.75 0.965 0.983 1 1 1
476 43.072083 -89.398311 0.427 0.973 1 0.507 0.787 1 0.867 0.947 1 1 1 1
477 43.072082 -89.398188 0.29 0.928 0.978 0.457 0.804 1 0.848 0.957 0.986 1 1 1
478 43.072082 -89.398053 0.697 0.992 1 0.871 0.955 1 0.992 0.992 1 1 1 1
479 43.072074 -89.397918 0.941 1 1 0.956 1 1 1 1 1 1 1 1
480 43.072073 -89.397782 0 1 1 0 1 1 1 1 1 1 1 1
481 43.072072 -89.397647 0.946 1 1 0.956 0.984 1 1 1 1 1 1 1
482 43.072071 -89.397512 0.796 1 1 0.852 0.963 1 0.926 1 1 1 1 1
483 43.072064 -89.397377 0.969 1 1 0.992 1 1 1 1 1 1 1 1
484 43.072057 -89.397230 0.96 1 1 0.988 1 1 0.994 1 1 1 1 1
485 43.072062 -89.397095 0.96 1 1 0.96 0.96 1 0.96 1 1 1 1 1
486 43.072055 -89.396960 0.985 1 1 1 1 1 1 1 1 1 1 1
487 43.072050 -89.396125 0.998 1 1 0.999 1 1 1 1 1 1 1 1
488 43.072057 -89.396125 0.977 1 1 1 1 1 1 1 1 1 1 1
489 43.072057 -89.396125 0.976 1 1 1 1 1 1 1 1 1 1 1
490 43.072057 -89.396125 0.977 1 1 1 1 1 1 1 1 1 1 1
491 43.072057 -89.396113 0.973 1 1 1 1 1 1 1 1 1 1 1
492 43.072064 -89.396113 0.962 1 1 1 1 1 1 1 1 1 1 1
493 43.072085 -89.396101 0.996 1 1 0.999 1 1 1 1 1 1 1 1
494 43.072085 -89.396076 0.915 1 1 0.989 1 1 1 1 1 1 1 1
495 43.072091 -89.396052 1 1 0 1 1 1 1 1 1 1 1 1
496 43.072104 -89.396002 0.915 1 1 1 1 1 1 1 1 1 1 1
497 43.073371 -89.403062 0 1 1 1 1 1 1 1 1 1 1 1
498 43.073378 -89.403222 0.25 1 1 1 1 1 1 1 1 1 1 1
499 43.073379 -89.403381 0.796 0.997 0.997 1 1 1 1 1 1 1 1 1
500 43.073380 -89.403541 0.812 1 1 1 1 1 1 1 1 1 1 1
501 43.073381 -89.403701 0.936 1 1 1 1 1 1 1 1 1 1 1
502 43.073382 -89.403860 0.907 0.996 1 1 1 1 1 1 1 1 1 1
503 43.073382 -89.404020 0.722 1 1 1 1 1 1 1 1 1 1 1
504 43.073383 -89.404192 0.8 0.994 0.988 1 1 1 1 1 1 1 1 1
505 43.073384 -89.404351 0.59 0.99 0.986 1 1 1 1 1 1 1 1 1
506 43.073385 -89.404523 0.743 1 1 1 1 1 1 1 1 1 1 1
507 43.073386 -89.404695 0.87 0.992 1 1 1 1 1 1 1 1 1 1
508 43.073387 -89.404867 0.943 1 1 1 1 1 1 1 1 1 1 1
509 43.073381 -89.405039 0.857 1 1 1 1 1 1 1 1 1 1 1
510 43.073382 -89.405211 0.803 0.984 0.992 1 1 1 1 1 1 1 1 1
511 43.073389 -89.405383 0.221 0.605 0.815 0.99 1 0.928 1 1 1 1 1 1
512 43.073383 -89.405554 0.145 0.289 0.474 1 1 0.868 1 1 1 1 1 1
513 43.073384 -89.405726 0.321 0.693 0.847 1 1 0.964 1 1 1 1 1 1
514 43.073385 -89.405898 0.472 0.863 0.939 1 1 0.99 1 1 1 1 1 1
515 43.073386 -89.406070 0.682 0.97 0.985 1 1 1 1 1 1 1 1 1
516 43.073386 -89.406242 0.857 1 0.992 1 1 1 1 1 1 1 1 1
517 43.073387 -89.406426 0.723 0.99 1 1 1 1 1 1 1 1 1 1
518 43.073388 -89.406598 0.887 1 1 1 1 1 1 1 1 1 1 1
519 43.073389 -89.406770 0.645 0.941 0.987 1 1 0.993 1 1 1 1 1 1
520 43.073390 -89.406942 0.081 0.249 0.442 0.878 0.848 0.782 0.898 0.883 0.898 0.985 1 1
521 43.073397 -89.407113 0 0.027 0.293 1 0.973 0.813 1 1 0.973 1 1 1
522 43.073391 -89.407273 0.154 0.375 0.588 0.993 0.993 0.993 1 0.993 1 1 1 1
523 43.073392 -89.407445 0.929 0.995 1 1 1 1 1 1 1 1 1 1
524 43.073394 -89.407776 0.995 1 1 0.984 1 1 1 1 1 1 1 1
525 43.073394 -89.407936 1 1 1 0.958 0.995 1 1 1 1 1 1 1
526 43.073395 -89.408108 0.812 1 0.988 0.765 1 1 0.976 1 1 1 1 1
527 43.073390 -89.408280 0.281 0.874 0.956 0.237 0.711 0.993 0.652 0.97 1 1 1 1
528 43.073391 -89.408452 0.278 0.641 0.884 0.091 0.515 0.97 0.535 0.864 0.97 1 1 1
529 43.073392 -89.408623 0.365 0.689 0.905 0.014 0.554 1 0.446 0.973 1 1 1 1
530 43.073393 -89.408795 0.541 0.822 0.963 0.111 0.659 1 0.659 0.963 1 1 1 1
531 43.073400 -89.408967 0.555 0.93 0.995 0.06 0.59 1 0.6 0.975 1 1 1 1
532 43.073401 -89.409139 0.72 0.947 0.987 0.08 0.613 1 0.6 0.987 1 1 1 1
533 43.073408 -89.409311 0.759 0.949 1 0.022 0.489 1 0.474 0.949 0.993 1 1 1
534 43.073409 -89.409483 0.753 0.859 0.995 0.051 0.394 1 0.333 0.934 0.995 1 1 1
535 43.073416 -89.409642 0.527 0.635 0.919 0.054 0.203 1 0.095 0.784 0.973 1 1 1
536 43.073417 -89.409814 0.268 0.572 0.928 0.022 0.109 1 0.087 0.63 0.913 1 1 1
537 43.073431 -89.409974 0.167 0.298 0.455 0.02 0.081 0.783 0.061 0.333 0.611 0.965 1 1
538 43.073444 -89.410133 0.026 0.132 0.105 0 0.026 0.658 0.013 0.066 0.25 0.934 1 1
539 43.073452 -89.410293 0 0.015 0.037 0.015 0.015 0.257 0 0.015 0.096 0.654 1 1
540 43.073459 -89.410440 0 0.01 0.025 0 0 0.227 0 0.025 0.03 0.687 0.99 1
541 43.073472 -89.410599 0 0 0 0 0 0.067 0 0 0.027 0.28 0.96 1
542 43.073480 -89.410759 0 0 0 0.007 0.007 0.022 0 0.007 0 0.159 0.986 1
543 43.073486 -89.410906 0.02 0.01 0.036 0.01 0 0.132 0.005 0.01 0.036 0.426 0.929 0.995
544 43.073494 -89.411054 0.013 0 0 0 0 0.053 0 0.013 0.013 0.237 0.882 1
545 43.073495 -89.411213 0 0 0 0 0 0.029 0 0.007 0.007 0.235 0.846 0.978
546 43.073502 -89.411360 0 0 0 0 0 0 0 0 0.005 0.03 0.586 0.899
547 43.073509 -89.411495 0 0.026 0.013 0 0 0.171 0 0.026 0.158 0.579 1 1
548 43.073516 -89.411643 0.007 0 0 0.007 0 0.015 0.007 0 0.007 0.175 0.92 1
549 43.073529 -89.411778 0 0.005 0.005 0 0 0.051 0 0 0.01 0.142 0.792 0.985
550 43.073549 -89.411913 0 0.066 0.053 0.026 0.013 0.368 0 0.026 0.118 0.789 1 1
551 43.073569 -89.412060 0.015 0.066 0.154 0.015 0.037 0.515 0.037 0.118 0.294 0.926 1 1
552 43.073595 -89.412194 0.126 0.487 0.784 0.005 0.166 0.985 0.156 0.688 0.91 0.995 1 1
553 43.073628 -89.412341 0.2 0.347 0.933 0.013 0.04 1 0.027 0.533 0.84 1 1 1
554 43.073673 -89.412488 0.248 0.474 0.927 0.029 0.08 0.985 0.036 0.606 0.781 1 1 1
555 43.073718 -89.412623 0.26 0.362 0.755 0.015 0.082 0.969 0.041 0.408 0.735 1 1 1
556 43.073770 -89.412770 0.079 0.171 0.711 0.026 0.066 0.987 0.066 0.579 0.842 1 1 1
557 43.073828 -89.412917 0.102 0.197 0.518 0.051 0.146 0.942 0.073 0.489 0.781 1 1 1
558 43.073880 -89.413063 0.122 0.213 0.761 0.03 0.254 0.995 0.228 0.827 0.954 1 1 1
559 43.073931 -89.413223 0.013 0.079 0.447 0.013 0.039 0.961 0.053 0.539 0.829 1 1 1
560 43.073983 -89.413394 0.102 0.226 0.657 0.015 0.095 0.934 0.058 0.613 0.803 0.993 1 1
561 43.074029 -89.413565 0.015 0.091 0.279 0.015 0.03 0.731 0.025 0.198 0.431 0.934 1 1
562 43.074074 -89.413749 0 0 0.013 0 0 0.171 0.039 0.013 0.013 0.579 1 1
563 43.074114 -89.413933 0.007 0 0 0 0 0.051 0.007 0 0.007 0.358 0.934 1
564 43.074147 -89.414117 0.005 0 0 0 0 0 0 0.005 0 0.081 0.884 1
565 43.074173 -89.414313 0 0 0 0 0.013 0 0 0 0.013 0.08 0.747 0.96
566 43.074199 -89.414509 0 0 0.007 0 0.007 0 0.007 0.015 0.015 0.131 0.912 0.956
567 43.074213 -89.414706 0.081 0.457 0.655 0.03 0.401 0.868 0.371 0.629 0.802 0.985 1 1
568 43.074227 -89.414902 0.118 0.961 1 0.053 0.921 1 0.868 1 1 1 1 1
569 43.074235 -89.415111 0.412 0.963 1 0.162 0.904 1 0.941 1 1 1 1 1
570 43.074236 -89.415307 0.819 0.989 0.995 0.697 0.947 1 0.915 1 1 1 1 1
571 43.074230 -89.415516 0.947 1 0.987 0.933 1 1 1 1 1 1 1 1
572 43.074218 -89.415712 0.936 1 1 0.95 0.993 1 0.986 1 1 1 1 1
573 43.074219 -89.415921 0 1 1 1 1 1 1 1 1 1 1 1
574 43.073415 -89.415560 1 1 1 1 1 1 1 1 1 1 1 1
575 43.073414 -89.415413 0.974 1 1 0.974 1 1 1 1 1 1 1 1
576 43.073420 -89.415266 0.733 1 1 0.794 0.87 1 0.939 0.992 1 1 1 1
577 43.073419 -89.415131 0.446 0.967 0.995 0.549 0.732 0.995 0.883 0.986 1 1 1 1
578 43.073418 -89.414983 0.457 0.914 0.943 0.629 0.8 0.986 0.871 0.957 1 1 1 1
579 43.073424 -89.414836 0.387 0.739 0.845 0.514 0.683 0.958 0.704 0.838 0.965 1 1 1
580 43.073423 -89.414688 0.166 0.583 0.849 0.106 0.427 0.985 0.523 0.829 0.91 1 1 1
581 43.073422 -89.414529 0.067 0.267 0.48 0.067 0.253 0.72 0.213 0.573 0.653 0.96 1 1
582 43.073421 -89.414381 0.066 0.199 0.441 0.037 0.132 0.882 0.176 0.441 0.706 0.993 1 1
583 43.073420 -89.414246 0.075 0.312 0.563 0.035 0.231 0.824 0.286 0.533 0.663 0.965 1 1
584 43.073419 -89.414111 0.189 0.554 0.703 0.014 0.23 0.986 0.203 0.635 0.905 1 1 1
585 43.073418 -89.413976 0.399 0.783 0.957 0.094 0.529 0.993 0.587 0.928 0.978 1 1 1
586 43.073411 -89.413853 0.325 0.64 0.863 0.107 0.365 0.985 0.411 0.843 0.909 1 1 1
587 43.073411 -89.413743 0.092 0.171 0.474 0.013 0.118 0.829 0.026 0.461 0.671 0.987 1 1
588 43.073410 -89.413632 0.168 0.336 0.715 0.015 0.19 0.949 0.175 0.686 0.891 1 1 1
589 43.073403 -89.413522 0.35 0.513 0.782 0.025 0.142 0.944 0.132 0.66 0.873 0.995 1 1
590 43.073402 -89.413424 0.434 0.539 0.829 0 0.211 0.987 0.171 0.579 0.816 1 1 1
591 43.073402 -89.413338 0.299 0.431 0.774 0.015 0.161 0.956 0.219 0.752 0.912 1 1 1
592 43.073402 -89.413264 0.325 0.497 0.701 0.03 0.142 0.975 0.137 0.599 0.863 1 1 1
593 43.073401 -89.413203 0.882 0.987 1 0 0.25 1 0.303 0.895 0.987 1 1 1
594 43.073401 -89.413154 0.453 0.577 0.883 0.029 0.182 1 0.139 0.723 0.934 1 1 1
595 43.073407 -89.413117 0.121 0.146 0.263 0 0.01 0.864 0.005 0.126 0.535 0.99 1 1
596 43.073407 -89.413104 0.5 0.618 0.868 0.013 0.158 1 0.303 0.737 0.882 1 1 1
597 43.073407 -89.413080 0.637 0.837 1 0.111 0.8 1 0.719 1 1 1 1 1
598 43.073407 -89.413068 0.869 1 1 0.211 0.764 1 0.829 1 1 1 1 1
599 43.073401 -89.413055 1 1 1 0.027 0.853 1 0.64 1 1 1 1 1
600 43.073401 -89.413043 0.993 1 1 0.11 0.875 1 0.787 1 1 1 1 1
601 43.073401 -89.413043 0.993 1 1 0.055 0.715 1 0.672 1 1 1 1 1
602 43.073401 -89.413043 0.976 1 1 0.038 0.773 1 0.694 0.996 1 1 1 1
603 43.073401 -89.413031 0.961 1 1 0.257 0.888 1 0.868 1 1 1 1 1
604 43.073388 -89.413031 0.952 1 1 0.049 0.784 1 0.757 0.998 1 1 1 1
605 43.073388 -89.413031 0.965 1 1 0.056 0.712 1 0.732 1 1 1 1 1
606 43.073388 -89.413031 0.968 1 1 0.207 0.863 1 0.815 1 1 1 1 1
607 43.073388 -89.413043 0.976 1 1 0.248 0.924 1 0.881 1 1 1 1 1
608 43.073388 -89.413043 0.974 1 1 0.128 0.814 1 0.843 1 1 1 1 1
609 43.073382 -89.413043 0.993 1 1 0.044 0.81 1 0.825 1 1 1 1 1
610 43.073382 -89.413043 0.893 1 1 0.056 0.772 1 0.766 1 1 1 1 1
611 43.073382 -89.413043 0.947 1 1 0.145 0.855 1 0.842 1 1 1 1 1
612 43.073376 -89.413043 0.978 1 1 0.19 0.912 1 0.905 1 1 1 1 1
613 43.073376 -89.413043 0.854 0.993 1 0.113 0.766 1 0.785 1 1 1 1 1
614 43.073375 -89.413031 0.471 0.662 1 0.044 0.346 1 0.301 0.978 1 1 1 1
615 43.073375 -89.413019 0.569 0.685 0.939 0.025 0.462 1 0.457 0.98 1 1 1 1
616 43.073375 -89.412982 0.72 0.773 0.973 0 0.213 1 0.227 0.88 0.973 1 1 1
617 43.073375 -89.412921 0.307 0.358 0.664 0.015 0.095 0.978 0.044 0.591 0.934 1 1 1
618 43.073375 -89.412859 0.268 0.348 0.641 0.01 0.035 0.955 0.04 0.343 0.813 1 1 1
619 43.073374 -89.412773 0.092 0.171 0.289 0.026 0 0.868 0.026 0.158 0.461 0.987 1 1
620 43.073374 -89.412675 0.132 0.265 0.669 0.007 0.037 0.993 0.029 0.228 0.743 1 1 1
621 43.073373 -89.412565 0.578 0.643 0.95 0.02 0.075 1 0.04 0.704 0.965 1 1 1
622 43.073372 -89.412454 0.878 0.919 1 0.041 0.108 1 0.108 0.892 0.986 1 1 1
623 43.073359 -89.412344 0.628 0.774 0.978 0.058 0.277 1 0.204 0.883 0.985 1 1 1
624 43.073359 -89.412233 0.414 0.737 0.909 0.03 0.247 1 0.162 0.828 0.955 1 1 1
625 43.073358 -89.412110 0.597 0.948 0.987 0.013 0.195 1 0.286 0.987 1 1 1 1
626 43.073351 -89.412012 0.452 0.83 0.919 0.007 0.252 1 0.274 0.881 0.993 1 1 1
627 43.073350 -89.411914 0.239 0.579 0.792 0.015 0.152 0.975 0.122 0.67 0.873 1 1 1
628 43.073350 -89.411816 0.105 0.434 0.539 0.026 0.039 0.829 0.039 0.368 0.711 1 1 1
629 43.073343 -89.411742 0.489 0.73 0.832 0.015 0.336 1 0.248 0.825 0.942 1 1 1
630 43.073337 -89.411681 0.066 0.131 0.379 0.02 0.081 0.848 0.061 0.293 0.51 0.99 1 1
631 43.073336 -89.411632 0.013 0.013 0.039 0 0 0.447 0.026 0.026 0.092 0.803 1 1
632 43.073336 -89.411595 0.299 0.372 0.62 0.022 0.044 0.949 0.036 0.526 0.818 0.993 1 1
633 43.073336 -89.411558 0.259 0.386 0.706 0.005 0.025 0.985 0.03 0.35 0.756 1 1 1
634 43.073336 -89.411534 0.039 0.132 0.447 0 0.118 0.868 0.026 0.447 0.724 1 1 1
635 43.073336 -89.411521 0.338 0.603 0.868 0.007 0.015 1 0.015 0.36 0.86 1 1 1
636 43.073329 -89.411497 0.116 0.307 0.814 0.015 0 1 0 0.302 0.94 1 1 1
637 43.073329 -89.411485 0.133 0.28 0.853 0 0.013 1 0.027 0.2 0.867 1 1 1
638 43.073329 -89.411485 0.131 0.35 0.752 0 0 1 0 0.161 0.825 1 1 1
639 43.073329 -89.411485 0.051 0.092 0.553 0.004 0.004 0.963 0.004 0.15 0.608 1 1 1
640 43.073329 -89.411485 0.109 0.117 0.387 0.015 0.007 0.934 0.007 0.299 0.65 1 1 1
641 43.073329 -89.411472 0.081 0.121 0.333 0 0.066 0.854 0.035 0.308 0.525 1 1 1
642 43.073329 -89.411448 0.013 0.04 0.2 0 0.027 0.827 0 0.227 0.547 1 1 1
643 43.073329 -89.411399 0.066 0.088 0.272 0 0.022 0.603 0.015 0.257 0.441 0.875 1 1
644 43.073322 -89.411337 0.02 0.04 0.061 0 0 0.232 0.01 0.02 0.04 0.631 0.995 1
645 43.073322 -89.411264 0 0.026 0.039 0 0 0.303 0.013 0.013 0.171 0.868 1 1
646 43.073322 -89.411166 0.022 0.088 0.146 0.015 0.007 0.489 0 0.08 0.255 0.839 1 1
647 43.073321 -89.411080 0.045 0.091 0.152 0.015 0.015 0.47 0.015 0.035 0.101 0.843 1 1
648 43.073321 -89.410981 0 0 0.026 0.026 0.026 0.224 0.039 0 0.066 0.842 0.987 1
649 43.073314 -89.410896 0.007 0 0 0.007 0.022 0.147 0 0.015 0.051 0.721 1 1
650 43.073313 -89.410785 0.091 0.146 0.328 0.015 0.04 0.747 0.01 0.222 0.439 0.944 1 1
651 43.073300 -89.410675 0.014 0.041 0.176 0.014 0.027 0.486 0 0.041 0.149 0.838 1 1
652 43.073300 -89.410564 0.058 0.065 0.159 0.007 0.007 0.572 0.014 0.043 0.138 0.87 1 1
653 43.073274 -89.410442 0 0.005 0.066 0.01 0 0.323 0.005 0.005 0.04 0.434 0.859 0.965
654 43.073254 -89.410331 0 0 0.013 0 0 0.027 0 0 0 0.32 0.947 1
655 43.073221 -89.410209 0.007 0 0.036 0.007 0 0.139 0.015 0 0.029 0.613 1 1
656 43.073189 -89.410099 0.005 0.01 0.081 0 0.005 0.371 0.005 0.015 0.107 0.629 1 1
657 43.073150 -89.409989 0.039 0 0 0 0 0.224 0 0 0.026 0.461 1 1
658 43.073118 -89.409878 0.029 0.044 0.235 0 0 0.537 0.007 0.118 0.25 0.765 1 1
659 43.073072 -89.409768 0.025 0.03 0.121 0 0.01 0.422 0.01 0.111 0.206 0.749 0.995 1
660 43.073021 -89.409658 0.013 0.026 0.145 0 0.026 0.408 0 0.145 0.355 0.882 1 1
661 43.072982 -89.409536 0.007 0.037 0.125 0.015 0.007 0.471 0.007 0.059 0.147 0.699 0.978 1
662 43.072937 -89.409413 0.005 0.025 0.045 0 0 0.131 0 0.01 0.035 0.364 0.869 0.985
663 43.072891 -89.409303 0 0.013 0.027 0 0 0.2 0 0.053 0.093 0.627 0.987 1
664 43.072852 -89.409181 0 0 0 0 0 0.118 0 0.007 0.007 0.228 0.963 1
665 43.072807 -89.409059 0 0 0.015 0 0 0.101 0 0 0 0.121 0.618 0.864
666 43.072768 -89.408924 0 0 0 0 0 0.013 0 0 0 0.04 0.4 0.733
667 43.072717 -89.408802 0 0 0.014 0 0 0.051 0 0.007 0 0.087 0.58 0.877
668 43.072671 -89.408667 0 0 0 0 0 0.051 0 0.005 0 0.066 0.487 0.787
669 43.072626 -89.408532 0 0 0.013 0 0 0.105 0 0 0 0.145 0.697 0.947
670 43.072581 -89.408398 0 0 0 0.007 0 0.015 0 0.007 0 0.059 0.441 0.735
671 43.072535 -89.408275 0 0 0 0.005 0.005 0.04 0 0 0.005 0.07 0.558 0.935
672 43.072484 -89.408153 0 0 0 0 0 0.067 0 0 0.04 0.04 0.68 0.84
673 43.072445 -89.408018 0 0 0 0.007 0 0.044 0 0 0 0.117 0.781 0.942
674 43.072406 -89.407896 0 0 0.005 0.005 0 0.02 0 0.005 0 0.02 0.475 0.828
675 43.072367 -89.407774 0 0 0 0 0 0 0 0 0 0 0.08 0.613
676 43.072335 -89.407651 0 0 0 0 0 0.191 0.007 0.007 0.037 0.346 0.706 0.949
677 43.072296 -89.407529 0.015 0.045 0.141 0.02 0.01 0.419 0.01 0.086 0.192 0.556 0.677 0.758
678 43.072263 -89.407406 0 0 0 0 0 0 0 0 0 0 0 0.039
679 43.072237 -89.407284 0 0 0 0.007 0 0 0 0 0 0 0 0.036
680 43.072211 -89.407161 0.121 0.222 0.465 0.005 0.071 0.556 0.051 0.354 0.46 0.566 0.687 0.833
681 43.072185 -89.407039 0.187 0.347 0.813 0.04 0.093 1 0.107 0.453 0.787 1 1 1
682 43.072172 -89.406916 0.511 0.781 0.993 0.08 0.197 1 0.102 0.876 0.993 1 1 1
683 43.072158 -89.406806 0.308 0.535 0.929 0.035 0.096 1 0.051 0.697 0.934 1 1 1
684 43.072152 -89.406708 0.026 0.053 0.855 0 0.013 0.987 0.026 0.276 0.632 1 1 1
685 43.072145 -89.406622 0.007 0 0.287 0 0 0.831 0 0.051 0.118 0.949 1 1
686 43.072126 -89.406573 0.005 0.045 0.667 0 0.005 1 0 0.121 0.419 0.985 1 1
687 43.072113 -89.406548 0 0 0.25 0 0 0.724 0 0 0.105 0.934 1 1
688 43.072087 -89.406524 0 0 0 0 0 0.175 0 0 0.007 0.153 1 1
689 43.072068 -89.406512 0 0 0.081 0 0 0.202 0.005 0 0.005 0.096 0.965 1
690 43.072043 -89.406500 0 0 0.187 0 0 0.587 0 0 0.133 0.88 1 1
691 43.072017 -89.406500 0.007 0 0.299 0.007 0 0.869 0.015 0.015 0.015 0.905 1 1
692 43.072005 -89.406500 0.005 0 0.131 0 0 0.424 0 0 0.061 0.591 1 1
693 43.071979 -89.406501 0 0 0 0.013 0 0.027 0 0 0 0.36 1 1
694 43.071967 -89.406513 0.059 0.029 0.228 0.015 0 0.39 0.037 0.029 0.162 0.838 1 1
695 43.071954 -89.406513 0.005 0 0.734 0.01 0 1 0.01 0.045 0.317 1 1 1
696 43.071955 -89.406513 0 0.013 0.84 0.013 0.013 1 0.013 0.08 0.2 1 1 1
697 43.071955 -89.406513 0.006 0.003 0.798 0.006 0.006 1 0.006 0.051 0.247 1 1 1
698 43.071961 -89.406513 0 0 0.534 0 0 1 0 0.082 0.37 1 1 1
699 43.071961 -89.406513 0 0 0.861 0.015 0.007 1 0 0.051 0.401 1 1 1
700 43.071968 -89.406501 0.005 0.005 0.606 0.005 0.005 1 0.005 0.056 0.273 1 1 1
